
Note: No compatibility mode selected!


Circuit: * ============================================================================

Doing analysis at TEMP = 27.000000 and TNOM = 27.000000

Using SPARSE 1.3 as Direct Linear Solver
Operating point simulation skipped by 'uic',
  now using transient initial conditions.
 Reference value :  3.93580e-05 Reference value :  8.40470e-05 Reference value :  1.25128e-04 Reference value :  1.76443e-04
No. of Data Rows : 100127
binary raw file "vdd_ripple.raw"
v19max              =  3.299705e+00 at=  1.717230e-04
v19min              =  3.299675e+00 at=  1.092220e-04
pp19 = 3.000000e-02
v18max              =  3.299449e+00 at=  1.717230e-04
v18min              =  3.299412e+00 at=  1.925560e-04
pp18 = 3.700000e-02
v20max              =  3.299381e+00 at=  1.300820e-04
v20min              =  3.299359e+00 at=  1.092480e-04
pp20 = 2.200000e-02
vu3max              =  3.299371e+00 at=  8.838700e-05
vu3min              =  3.299339e+00 at=  1.508870e-04
ppu3 = 3.200000e-02
vu4max              =  3.299366e+00 at=  1.717210e-04
vu4min              =  3.299335e+00 at=  1.508870e-04
ppu4 = 3.100000e-02
Note: Simulation executed from .control section 
